7
227
225
7
56
53
7
135
126
7
257
231
7
163
162
7
212
210
7
166
144
7
194
178
7
99
65
7
246
241
7
296
276
7
76
69
7
91
91
7
62
62
7
106
94
7
295
289
7
257
256
7
153
153
7
206
206
7
90
37
7
69
56
7
232
207
7
147
146
7
168
131
7
191
183
7
281
255
7
146
144
7
129
118
7
68
57
7
194
184
7
211
201
7
191
185
7
242
242
7
248
239
7
55
54
7
269
218
7
223
222
7
103
85
7
198
188
7
294
284
7
141
120
7
288
243
7
126
114
7
262
241
7
267
242
7
297
288
7
220
210
7
267
267
7
294
292
7
169
161
7
246
240
7
271
262
7
282
281
7
134
118
7
139
132
7
153
153
7
94
94
7
299
254
7
101
67
7
260
260
7
274
263
7
209
194
7
259
193
7
258
201
7
110
99
7
88
84
7
266
259
7
178
177
7
64
46
7
106
64
7
111
97
7
192
188
7
93
87
7
221
217
7
147
125
7
133
126
7
207
197
7
51
50
7
85
75
7
66
61
7
123
121
7
272
271
7
155
144
7
213
202
7
127
125
7
193
181
7
72
65
7
140
137
7
209
206
7
175
155
7
235
172
7
103
94
7
171
158
7
291
259
7
134
131
7
251
244
7
171
167
7
258
246
7
246
215
7
118
103
7
295
289
7
250
247
7
272
272
7
110
101
7
209
176
7
283
244
7
142
105
7
118
118
7
130
130
7
284
269
7
123
118
7
155
155
7
145
145
7
244
213
7
200
199
7
57
53
7
232
232
7
266
255
7
293
240
7
128
98
7
148
90
7
290
283
7
115
103
7
78
78
7
182
180
7
276
244
7
205
203
7
175
159
7
161
60
7
165
153
7
252
249
7
300
290
7
220
199
7
271
271
7
298
274
7
277
275
7
132
125
7
52
51
7
258
256
7
191
161
7
124
101
7
111
64
7
94
91
7
194
194
7
144
104
7
107
101
7
201
199
7
168
148
7
140
120
7
155
143
